.Random.seed <-
c(10403L, 10L, 1197447803L, 1900107801L, -1658580824L, 1845711446L, 
-116007215L, -1031491965L, -1346509550L, -1315680092L, -2129063833L, 
443277757L, -867226828L, 1791402138L, -1016535323L, 704516223L, 
-139736570L, -603949680L, -1527543757L, 21686225L, -277516928L, 
1884004446L, 2140458921L, 873354843L, 537094762L, 930830092L, 
514335055L, 956643845L, -1020376900L, -594222702L, 634256013L, 
-1936627513L, 734485934L, -983988216L, 1093508107L, -993232663L, 
-839084104L, 1864364134L, -1735868159L, -1349838957L, 543516738L, 
1808351220L, 1682807287L, 1744326125L, -1596055932L, 1451147434L, 
-1450799595L, -456445265L, -1188280138L, 1569588960L, -658867677L, 
1033905473L, 602396720L, -78347698L, -1167710535L, 181871307L, 
2041467770L, 219873916L, 1728362175L, 798736277L, -1839073364L, 
399213954L, 283749213L, 125412951L, 1594127678L, 882238840L, 
1385403995L, 521068985L, 1428235272L, 1571282614L, -198275599L, 
1653851171L, -1982669710L, 1605697220L, 954407047L, -1153270691L, 
-1412275628L, 124729466L, 1788124101L, -1669092065L, -1892123482L, 
901688880L, 793695443L, -82257167L, 1177717280L, -59904834L, 
-1193445175L, 1358768763L, -1546313654L, 406532268L, -1499060305L, 
-1890577563L, -95942372L, 1375039858L, 1063866861L, 453817895L, 
-1695304114L, -348628312L, -476497749L, 2105524681L, -1333719592L, 
1540267142L, -2125774495L, 1126991091L, 1070091106L, 702023124L, 
-1363373865L, 1820295885L, -1826741660L, 1785559114L, 1926696373L, 
-260189937L, -1527828970L, 96381120L, 631938691L, 1029003937L, 
-2079978352L, 901924718L, 1473757465L, -1830649429L, -1331511398L, 
591368028L, -510869921L, 199568949L, 578981324L, 1426394402L, 
1438496637L, 572410999L, 1375064478L, 961210456L, -474540613L, 
-652731559L, 2077952232L, -310671082L, -1155736943L, -1802692797L, 
1473978962L, 722658532L, -1867428057L, 1401957245L, -430666124L, 
-561934246L, -2116466523L, 1411062463L, -99819194L, 827004880L, 
-735755789L, -2013696751L, -828274368L, -287909602L, -331309591L, 
1209601819L, -1462183638L, 1426240076L, 1686130191L, 1413275973L, 
561171196L, -2130828974L, -1345747251L, 837926535L, 1409452398L, 
962691912L, -1309493429L, -1510310231L, 157230072L, -671204570L, 
525249601L, 1118084563L, -1837183102L, 852837300L, 1024719671L, 
994712109L, 2049858372L, -1289637782L, 416156373L, 2095797359L, 
1561120118L, -173025632L, 1754190691L, -1772767231L, -239254672L, 
-1474188530L, -2088876679L, 1997938955L, 450552378L, 1591294268L, 
351278719L, 1589362133L, 1452110828L, 354739522L, 1556167325L, 
1518720791L, -142379394L, 1455945272L, 1543639323L, 933017209L, 
-1409633592L, -256064778L, -1684124879L, -71959709L, -1710599886L, 
-1899335036L, 1518214855L, 1398760861L, 531427604L, -1249992774L, 
-263267835L, -415880225L, 1290469990L, -475660816L, 874597139L, 
1034343601L, 1314924384L, 1095787774L, 165127305L, -832732229L, 
1613507978L, -1981338516L, -1039727121L, -735027675L, 1995520732L, 
113569970L, -2091236435L, -1016088729L, 1568146574L, 2077196648L, 
-870022805L, 1547449097L, 411706776L, -1741317280L, 1620217026L, 
1499935272L, 1884413356L, 695964476L, -1123909774L, 2133135152L, 
-375296988L, 186798648L, 1812059866L, 2046952336L, 1362247932L, 
142772628L, 759786306L, 2110763520L, -1054272452L, 1749011024L, 
546084002L, 625448776L, 365143564L, -1710405924L, 770506834L, 
-1518829440L, 156377940L, -774753304L, 394363642L, 747302736L, 
-2135207892L, -751783564L, -328140142L, -1448439200L, -1818907508L, 
-1678582432L, -131383070L, 805259432L, 599417548L, 439576060L, 
-1257998414L, -708870160L, 1431772612L, -204932776L, 208563578L, 
1587572144L, 864524732L, 465979988L, -1354441278L, 553433888L, 
1986796476L, 1029301328L, 1442809826L, -1466569880L, -1291569332L, 
1438292732L, 870011634L, -532209408L, 1665909876L, -926352888L, 
2003587514L, 146299344L, 476894188L, -483338348L, 2047718610L, 
-1419489184L, 1967991116L, -1028321504L, 1152897666L, -1039494680L, 
53031916L, 184393276L, 397394546L, 1668171632L, 652878116L, -1008988616L, 
-618537574L, 303855056L, 998248892L, -1443517804L, -551758206L, 
1839806912L, 885202748L, -1292499312L, -1547324638L, -1900392952L, 
-2102896884L, 725917596L, 2141358098L, 400618368L, 1669259028L, 
1280039208L, -1901942726L, 2097309648L, 1863524972L, -978914252L, 
210705554L, 1832183136L, -2050617012L, 1844498912L, 963250082L, 
1332211624L, 41172108L, 1826577340L, 53756018L, -1131408400L, 
1060859972L, 555308120L, 6371386L, 352833648L, 1852779068L, -849495276L, 
-963653950L, 1454014176L, 72791164L, -1850564400L, 1096717218L, 
715563560L, 1280400652L, -1554355268L, -1031115470L, 218641600L, 
1833664052L, 1305188040L, 1478758074L, -1151899504L, 287156972L, 
-56307116L, 503453330L, -422966496L, 1147292620L, 399647968L, 
-1462703422L, -518332376L, -189848660L, 78004924L, -1522758158L, 
-468234704L, 1887766436L, 2077410744L, 528697178L, 728672400L, 
-1965079684L, 723516180L, 562610498L, 1720996608L, 1984329660L, 
2032812880L, -2024821470L, 233064008L, -1850603508L, 1176729692L, 
2108506578L, 1241260544L, 1380677972L, -571005720L, 177470714L, 
-1408827696L, -1080789716L, 875510004L, 263953810L, -2060381856L, 
941772812L, 1622451936L, -1553675678L, -1052277080L, -2022230452L, 
-962722948L, 1144395058L, 1985640048L, 1933404996L, -1644710952L, 
1489481594L, -1021294032L, -300868676L, -984628652L, 695985218L, 
-1980227424L, -713643332L, -1541952048L, -1375733918L, 343501544L, 
-993561396L, 1417084412L, 165407218L, -987380096L, 636044788L, 
-720719224L, 1202917178L, -1602638000L, 2116271212L, -1470220908L, 
765252690L, 1241307616L, 284961996L, -435545952L, 2113911170L, 
468486376L, -1254159636L, 1633449276L, -84773774L, 882936944L, 
-1266011100L, -321388488L, 1753674522L, -1764940592L, -1763884228L, 
297144212L, -1782401150L, -2083693120L, -157445572L, -1501357680L, 
1511301666L, -940966648L, 898966156L, -601872612L, -1625499502L, 
-2029745792L, -1133368812L, 455996200L, -1960198598L, -1212120624L, 
1373586796L, 85466036L, -956609518L, -2131232288L, 926104524L, 
1666447584L, 920530978L, -1781387992L, -834322006L, -1210103329L, 
859545449L, -417503362L, 1115139948L, 807834557L, 996540551L, 
1369390192L, 1237726990L, -97014725L, 365536029L, -1241953846L, 
1754575592L, -99666479L, 408192963L, 1827033284L, 2006175602L, 
-408882617L, 2111607313L, -1811227754L, -1376899340L, -1050034043L, 
-698997297L, -1873481528L, -134129306L, -1412777069L, 574678261L, 
2142524626L, -1623014624L, 213883657L, -766698437L, 1134526860L, 
-1391552486L, 1009198223L, 2141367257L, -1180824466L, 1787523068L, 
1240384877L, -945201385L, -1340817696L, -1613316930L, -153716085L, 
713150733L, -656829126L, 1754830200L, 624271137L, 1556887507L, 
-1718051084L, 1897856898L, -2116303337L, -286053151L, 905198118L, 
1815952164L, -58756139L, -1647041665L, -233109992L, -1752003274L, 
-2066136125L, 1971087877L, -1510985310L, -759573104L, -2100177607L, 
-597958165L, -2016042276L, -1301870838L, -679753217L, -2049073079L, 
-1134990882L, 1465004428L, -1343427235L, 66096487L, -966562160L, 
-442404690L, 1923649883L, 1008633149L, -854894678L, -1626607544L, 
1228114033L, 899106275L, -5144348L, -575370222L, 2032044007L, 
-1668616271L, 1900020214L, 1286155284L, -1739287771L, 1534198831L, 
-2054859288L, 1167524550L, 1868508019L, 2123174869L, -1596802126L, 
-1702191744L, -198875799L, 293767643L, 312160556L, 242152250L, 
-1876800017L, 1681094777L, -851926258L, 377517788L, -1697004211L, 
-306636617L, -125541824L, 775379742L, -1803075093L, 75296109L, 
-914295846L, -2051205736L, 752065537L, 440106419L, -1379670828L, 
-1023872542L, -779965321L, 321008065L, -875582650L, -975440252L, 
1551654965L, 426946591L, -671516808L, 1548553814L, -1240825117L, 
-1402952539L, -245945022L, -1829995728L, -1389944999L, -1260538677L, 
-322673348L, 1390326122L, 904764319L, -1166477783L, 1393375422L, 
1100267948L, 1092550397L, -1894274489L, -162903760L, 579416654L, 
-189203845L, 871893469L, 1808457738L, 401482024L, -679690351L, 
2002809219L, -947024252L, 538979506L, 447417351L, 839571537L, 
